4.453126
5.927102
6.042576
0.3754897
0.2931686
0.06347674
1.89786
0.1634861
1.041509
5.097007
9.279179
1.019788
11.22714
1.320746
2.61007
0.2391578
6.938861
0.4769093
2.585042
2.476585
0.3207849
1.581398
0.7378326
1.192924
0.7582848
0.8279616
0.7030238
1.21774
0.9734481
0.1574215
3.190285
2.507614
0.01517916
7.469126
4.214319
2.879737
1.750379
0.2835181
0.6820995
4.95116
6.010879
0.797405
34.29429
7.144293
2.237748
0.7192346
1.225564
2.352455
2.25438
1.562376
7.948315
61.58973
415.3869
68.77762
47.92267
1154.221
122.6926
234.6103
195.2309
70.2488
101.2298
7.568914
1.028325
3.720167
4.940756
24.99918
1.81608
4.639092
8.500786
4.598522
0.3751729
0.3554946
2.051915
2.956176
0.764745
1.734469
3.242287
0.4775629
7.613738
20.72213
0.2668127
1.315986
17.33456
7.69155
0.9306759
5.602398
1.881566
1.667639
3.775271
1.183326
6.444836
1.206137
0.4895905
2.617787
0.7707383
0.4535837
5.576212
0.7345857
12.79309
1.156036
0.3963743
4.868374
1.064651
6.857841
1.246899
2.093642
4.379963
1.134479
6.655889
1.035657
6.591543
1.821699
1.557141
1.218884
2.81639
2.265133
4.069915
7.418817
0.4069418
0.319949
5.849677
0.8920165
3.013474
0.4253736
0.4795228
0.2142879
21.98921
5.081358
2.412931
0.6007244
0.8881073
0.2594384
0.9302598
6.265721
20.06098
1.777767
3.596862
6.231857
3.907657
2.245255
2.392016
1.338415
0.8920774
1.961517
1.798656
2.96087
4.201943
1.400799
15.99502
1.189908
1.282631
4.007205
5.875449
7.769537
1.201303
0.01500184
0.1336669
0.3739499
0.1539278
0.1677164
1.536813
0.4051126
3.223747
2.646206
1.443241
0.7783733
6.257484
0.1025523
0.02397688
4.431493
3.917465
1.995585
7.739114
1.054961
0.1349212
0.7547867
0.8974266
4.086468
7.538357
24.73692
35.50285
4753.935
2088.674
59360.33
175711.7
88867.57
19590.98
19041.58
2431.211
1.800628
4.630098
620.3437
4563.904
201146.6
353754.3
1207229
72037.08
1961.402
1253.647
116.215
10.86953
18.18909
2.671041
2.96201
0.2158196
6.119243
13.19795
10.06152
1.185763
1.422038
0.3377234
1.750598
3.0381
5.649959
3.459479
8.152306
2.458698
0.2236505
0.01116436
1.088984
1.063784
4.913754
7.84132
11.8828
0.9526488
0.1631746
3.056752
1.041379
1.475466
5.171039
2.461697
6.567078
0.6717053
7.625595
2.138457
0.01944
0.8118602
3.528007
2.350272
0.2116614
0.2219662
0.3170728
0.9665979
0.4985509
3.671826
3.144446
7.34533
3.839208
1.047414
2.158728
0.7793556
0.977254
10.45626
11.4416
0.6297374
2.278266
1.451917
9.443273
5.132009
1.049851
2.151067
0.3046938
0.311934
1.241642
2.180235
8.099474
2.91809
3.309222
1.941178
2.158146
0.9344576
0.4949396
5.397439
0.4013176
7.872105
9.491147
0.01313381
0.02636611
2.086715
2.175617
0.5550282
0.2795576
3.588044
0.9776441
2.123583
7.358896
0.2865321
3.981992
0.3707479
1.632593
0.04368595
0.1953523
1.929332
0.1668364
0.8633912
9.175727
0.3921069
2.909876
1.304177
0.6808906
0.2397566
1.757998
0.8778742
2.960616
0.5553584
1.505589
0.03069936
2.481502
1.276903
4.005667
2.339167
1.628071
2.896702
0.1765334
4.863672
2.466511
4.304102
0.1511331
0.04932189
0.6333915
1.399818
0.8637452
0.1962501
2.401412
3.898632
2.715323
1.488023
6.914358
0.4527095
0.4553014
5.023201
2.976692
3.270012
2.60233
1.92699
2.371448
2.080946
1.850867
0.6265873
5.845266
4.705927
8.189549
3.831428
0.421013
1.012893
0.25141
4.028228
5.075651
0.9863009
6.489553
1.091722
4.115584
0.5683053
2.125973
3.457952
3.306229
2.396918
0.240132
1.867259
2.609923
1.244382
0.3576718
0.299668
15.72674
1.556246
4.980223
2.864309
1.84809
0.185877
1.542466
1.826632
3.508494
3.879402
2.502133
1.168896
17.8845
6.983809
2.084157
0.8482747
0.9703634
1.42079
2.110906
0.04910874
3.360889
6.527204
1.190382
0.2812765
1.078457
2.834852
5.742789
6.204723
11.03765
31.20229
10.75422
13.11549
2.385091
9.980059
0.3911878
4.098671
1.327227
4.471793
4.82311
2.237624
0.1402549
12.13592
9.411611
1.998991
9.293808
4.539703
2.974268
5.768751
0.9621312
3.994648
11.92735
0.683428
2.018682
20.82253
2.97075
1.52873
3.112109
12.04845
7.960113
2.69775
4.923753
6.154874
0.05466601
2.458643
10.89604
0.08854775
3.112801
17.09487
0.2859382
1031.174
18257.16
33503.85
125172.3
5716269
468479.2
221557.5
2088354
647385.6
1489039
246273.6
6510.642
583626.1
7348085
1261956
245918722
17463966
90644539
60729063
94443055
111598698
468757702
1877851127
4135827886
118328184
125277061
43299838
7509861
28644.13
5839.222
2725.065
3152.31
199.582
3968.819
7135
9552.067
394368.3
88931.93
15567.7
1378.393
5766.292
770.0846
5136.239
10433.44
299.6759
78.82083
700.4205
224.9666
22.64074
1.979711
7.754943
2.265585
0.5601653
2.307405
3.615945
2.168893
2.333404
0.06274758
2.858116
0.1911137
3.388839
2.468538
3.041147
0.4248657
1.211505
0.535161
0.1560164
1.916583
0.1428455
2.000697
1.2433
0.3068329
1.377936
2.427172
11.79909
1.949194
1.562384
0.9967469
2.992928
0.8046387
0.3656233
1.662364
10.80054
5.156265
1.602204
1.238446
2.038674
8.460954
22.92035
1.129658
8.269684
0.1454129
3.084032
1.24069
1.056481
2.151718
0.5412377
5.216976
3.437369
1.231414
0.1404342
1.260112
0.5333962
4.246712
3.982301
0.3322632
1.200427
6.281079
1.955105
2.120877
1.203201
0.6597376
0.532495
1.124821
5.986805
3.719276
1.148539
0.9634092
2.727622
0.7245484
1.089391
2.633132
4.009949
1.424903
2.094301
0.1067605
0.4202492
1.35313
3.83662
0.4862628
1.514456
0.3329699
1.430117
2.549905
1.130894
4.700648
2.878499
2.816876
0.7531705
9.535621
3.258709
2.019083
0.2815239
5.099519
2.094533
2.864189
4.228557
1.711275
0.004793935
0.171923
2.656685
2.059581
2.987937
1.801062
0.7645381
0.8724863
1.856675
8.874622
7.546428
3.865356
9.543088
1.915673
7.545752
493.5493
18036.35
132547.8
2768058
4054748
5399.153
67703.87
920861.4
677478
646371.2
42703.51
38518.86
311087.5
16109.01
28896.46
7623.789
757.8441
19.12038
535.4131
341.3081
16.50526
1.37406
3.264862
1.618274
0.676179
15.69008
7.117994
0.6395863
9.849864
4.15116
1.442208
8.732932
2.595339
3.256666
3.858218
8.537063
1.614583
0.03841661
8.509805
16.5925
7.52993
0.9288891
1.48007
1.022909
1.348344
10.18446
6.817079
3.03041
7.451221
10.87595
0.4405753
1.850321
4.613941
2.19713
2.455567
10.54188
4.096086
7.431324
3.662281
2.173518
2.47461
4.376421
3.083229
2.411938
0.8176685
1.146924
16.69192
3.501495
6.984789
12.37566
5.330431
1.350742
0.4343382
8.792445
2.070025
8.791768
1.969645
3.050262
0.5731758
2.61244
0.5492373
2.213477
0.9515918
1.782937
4.671375
0.05231097
3.747007
0.2593217
6.450492
0.7293372
0.0008689446
0.004274208
1.596443
8.040072
0.1880988
4.553618
2.398396
3.888547
0.534736
3.625838
1.418737
13.0353
37.7386
6.429816
29.04932
1.5372
1.773338
2.964218
0.159997
3.722838
6.840852
1.254768
1.415492
5.756157
3.351147
3.012887
0.856024
2.381962
7.172623
2.369183
6.371559
2.879772
1.987043
5.143551
1.493872
2.868482
0.1091847
3.632458
1.250254
0.6931538
5.528831
6.281865
0.8706367
2.082241
1.558287
0.8500503
3.190375
3.05685
3.986277
4.95904
2.250573
2.820191
2.815533
3.831562
3.198091
1.962723
0.4766283
1.523518
1.012062
0.4449102
2.915815
4.758287
0.816494
4.281906
0.5054127
0.2330412
3.72203
0.9246996
4.473375
4.469845
1.856837
1.16308
2.213089
2.035089
4.224254
2.348982
5.546127
5.406287
3.404547
8.288177
2.594032
0.5515891
7.685357
0.324735
5.552501
4.840545
0.09460374
0.712602
0.6043908
3.113069
0.6516945
0.356268
0.1663786
0.0660373
0.35698
3.991468
2.490443
0.8526714
2.730673
7.2302
0.3067586
4.283986
6.163585
0.5684774
0.2245453
0.4563626
8.267492
1.622681
1.465022
4.416105
4.845035
3.503094
3.207275
0.4976997
3.442223
1.545364
0.1616525
0.170706
0.2770272
0.4838678
2.477938
3.891169
1.76995
4.294747
0.9013546
1.837992
2.640467
2.139987
0.3761111
1.514527
7.395676
19.97229
42.45561
734.9879
122928.5
118090.6
100927.6
3069.586
814688.3
1195528
36389.02
99859.95
58905.14
323457.5
114519
192354
36530.57
7114.026
10201.39
14150.2
9096.351
15881.61
78549.87
62613.6
259187.4
4188125
993293.4
1798147
14540.29
5517.624
1347.373
3243.053
74038.24
39502.62
8515.173
19518.95
160585.8
577106.9
139576.2
80811.52
265512.4
41064.05
418225.8
51005691
29990157
29913095
18899769
256480358
47070484
3851499
19114131
218052.9
30327.96
65884.26
115105.3
113123
20409590
178789.6
84941.98
203554.7
44406.76
14761271
977342929
155618091
57469476
11313526086
19878600847
18813569830
1048802438
47036765
1300464
1130.622
228.3917
3162.013
2068.277
3050.875
9371.452
4185.66
144.5991
38.157
0.04087505
10.16534
2.361885
15.19206
4.235899
3.161133
3.195298
1.248308
0.7316868
4.246577
7.075031
0.9038123
0.2056712
0.2126285
2.020261
5.244733
3.557205
3.534415
0.9110393
1.206169
1.515667
19.16621
6.408305
4.636063
1.280672
1.689736
2.488366
10.02193
8.225537
0.7914039
4.55023
0.1916795
7.137285
0.08638573
7.242067
5.754398
7.986267
4.801011
1.911358
1.525672
1.799791
0.8177763
1.689191
16.84164
1.031618
0.5906173
0.2905831
3.381143
2.692409
2.312254
0.9357894
0.2167168
2.296781
13.86115
1.472689
8.815851
4.213957
3.66645
3.269538
3.712503
2.657738
1.823978
0.1723532
3.471595
0.8596077
3.64709
0.8973244
1.14445
1.764842
4.02483
0.6195813
4.771578
1.681889
3.658563
1.230271
1.145818
0.005458584
0.5701175
1.037789
2.01146
2.593572
4.602687
3.867672
0.100625
1.0743
1.56879
0.5158531
0.342238
8.018099
4.289364
0.1164707
2.166307
3.261493
1.031143
1.390331
1.636943
4.817553
1.710868
0.7706749
0.3337806
1.031731
3.438643
0.3324274
0.4290713
1.06522
0.8833956
3.44519
2.675656
7.119126
1.381984
0.02903756
0.02640756
1.787032
2.93467
0.1741691
1.664348
0.8530608
2.358155
3.793655
5.938669
1.404568
0.5237692
4.823432
1.267437
13.56755
1.97637
0.4440608
0.430495
1.36057
1.55563
1.75161
0.117993
3.861898
2.104454
4.083013
1.463646
0.1891027
1.000112
0.1283693
3.946981
103.3311
303.6391
274496.2
347877.3
1477410
424433.7
3210129
10256902
39566.1
201914.9
49308352
33616013
1492980659
148173321
1847018
233996
8628.683
2058.748
28599.33
179463
820289.3
6877683
6300026860
831373979
165571644
860192347
8936265374
19553389427
43356215206
3801498703
38778145
1044516
15792511
605272021
159318749
7368881
33574776
169584943
195467443
812739961
2737457262
2396778262
508477351
1773250772
2842753547
40845874500
2623601633
1.8139e+10
18469646134
50002096481
17413918933
31991671424
19390976739
7913957152
16792197432
237898410
23096058
1390351
252823094
4296298
374893260
11119602
7755058
22680662
348710280
53268246
13624918
3063855
1327601
171201
1243002
163246.3
557495.3
183782.8
97140.17
25094.71
176180
4358.121
104.2169
1360.504
9535.907
160.4466
47094.24
905.775
328.0977
76.61332
21.42419
3.172838
1.400669
18.77959
10.61693
4.50219
2.390548
0.09941511
1.02015
8.546738
1.16052
1.190718
4.244044
1.4375
4.3395
3.420055
0.5294543
3.720445
7.224182
2.788324
14.20091
5.827508
8.244192
1.713456
3.326749
1.383519
2.549492
1.883494
3.531212
1.459656
1.247502
2.174295
0.293127
0.4100645
2.656014
0.1392927
1.900012
0.2324827
1.861925
1.254552
1.371198
0.4036237
1.429293
0.173985
2.778772
11.56098
0.1127557
5.217833
0.5809664
3.683308
0.5862369
1.564809
7.669978
0.1861252
0.1201499
0.9601661
2.01672
1.645695
0.9084338
0.9895506
11.34023
0.6158092
2.12082
4.498449
6.912524
0.4906067
6.355064
0.3602317
1.282809
4.832348
8.022997
1.226913
0.4358082
0.04177129
2.410526
3.340229
2.173701
5.483819
1.568759
0.2050099
0.01680843
0.9691263
6.312235
2.219761
2.553905
3.381321
0.8793624
0.7319931
0.1064486
1.869999
5.459751
5.983919
0.07637638
3.190935
0.9683499
1.757668
2.449259
2.936734
1.566611
4.458511
0.9436503
0.6926869
0.1874919
0.03834071
8.086809
0.3112727
7.136084
3.932688
2.587763
0.04580008
1.257256
8.360299
0.04810903
2.064171
3.211236
4.568607
1.787385
1.529773
6.143969
1.548641
5.265069
2.181079
0.3719091
0.02527298
2.904239
2.874983
1.502269
9.610092
3.052949
1.24904
7.912851
0.8424303
2.597589
2.510976
51.71615
18.56623
193.6657
6.290464
1093.715
3727.072
37965.91
550.8442
2056.323
13097.9
3373.664
44426.72
100726.3
275761.1
459523.1
126473.1
1106415
7389.621
1115.692
793810.8
7478.262
191050.8
237949.2
40110.39
22611.37
104473.9
1070419
140907.8
832381.2
224973344
87987367
293718137
247154446
927172052
9639654926
2311511381
1430476994
3352237459
1788891213
10400485421
32044419716
22548872
4232493
5426854
519274.9
25355038
10689689
394592.7
35298909
233821689
936247973
3635551063
895053541
26053698697
692307102
1640145320
3549844554
103169851830
9223197216
3038300742
1901689735
15826090235
22388989075
2592304450
1576211469
13340047
2826128
100031.8
1150.732
35.2549
57.58733
33.73259
114.5188
534.3348
19.95976
4.446124
0.2970821
2.756275
14.72652
11.48735
1.556928
37.93564
4.066996
7.680143
5.819676
1.365145
17.19619
4.377568
2.003022
13.45964
37.37062
4.258402
78.66309
1295.861
16632.82
16888.56
2317.405
4476.695
8018.2
1024.371
1345.957
21902.69
2066003
723677.8
379630.8
329062.1
205467.2
14240325
159021488
17297986
1.356767
9.637673
7.31265
0.1997989
5.394808
1.209772
1.607592
0.5657067
2.746677
7.347359
0.219394
2.501575
3.664277
1.133446
0.1853505
0.2384853
3.926668
0.7240301
2.979473
1.808823
4.730915
0.06566919
5.717314
3.358058
0.4191252
0.988391
5.005596
3.441087
1.323563
2.046373
5.289611
2.885777
1.976468
3.272871
0.8720045
0.8297515
0.5941719
0.04277224
0.7026303
7.462254
8.356417
2.455988
0.1153522
1.949665
0.26959
0.320696
0.2532159
3.201592
5.988846
0.7433233
0.8285948
3.546854
10.01275
5.353227
2.214176
5.91074
0.5683008
0.6971226
0.7647957
4.096202
0.2149974
0.8057286
0.111585
2.587456
4.047521
1.75209
1.514756
1.82226
8.666283
7.768607
1.689203
0.4664309
3.950562
0.2829249
0.1724932
4.960804
3.958747
1.142881
1.68295
0.9917345
3.658084
0.157681
5.089065
6.052684
3.830908
6.124905
0.7277536
1.742264
3.265352
4.924229
5.732008
4.04653
1.714178
1.456313
6.298298
0.3074741
3.398553
0.7997835
3.640785
4.806282
4.661161
6.518814
0.513448
0.50132
2.713841
0.5959493
0.5686027
10.4335
5.388747
4.572602
