436.6816
363.3187
247.3357
166.3539
103.0262
186.6688
394.5673
157.4138
311.4071
219.9081
434.5127
856.7157
92.97841
125.2173
852.5778
494.1483
184.3909
220.4313
86.57057
197.0863
319.4262
179.8901
855.5102
93.96139
767.07
247.1261
429.398
207.8638
224.7453
613.1192
206.5077
208.6027
222.1172
204.8593
439.365
139.6962
520.975
344.2373
264.7777
480.2961
263.3957
116.0063
933.5022
323.1494
415.6277
331.4986
173.6209
453.7545
213.5149
466.796
323.5179
3325.992
3425.519
868.1309
2047.599
1606.649
1666.588
799.6078
1230.437
1541.904
2232.22
1688.062
293.504
166.1688
308.6959
852.9435
148.0146
522.3734
209.6513
301.4717
229.8472
129.4611
307.7925
316.1611
255.0013
371.2433
436.6069
84.54176
439.9595
1843.538
635.794
515.4748
324.5649
170.7293
107.179
670.0582
226.2421
259.3602
271.465
110.6908
239.0281
186.6239
726.1792
641.4076
129.3505
757.1612
475.9169
151.0534
884.4049
91.54886
184.6887
491.4086
260.7036
345.9159
243.317
92.9495
551.2176
524.1049
694.7133
1311.055
971.4764
136.735
1286.806
2075.611
943.875
353.738
450.7258
1868.643
290.4903
176.7562
447.949
63.79371
424.1322
194.2301
129.6628
225.3677
507.119
192.0958
199.1166
137.1612
525.3212
112.8194
737.4238
246.5772
464.0766
101.5192
780.0748
225.1343
1297.752
212.4462
570.5422
337.0514
554.6627
138.1718
400.0454
205.4178
139.3984
378.4258
416.9776
453.3419
113.305
209.0763
3103.658
328.7334
912.9958
386.3192
116.6259
117.5103
245.5957
105.5895
284.3108
114.0356
133.6654
103.6911
972.3665
271.6053
140.7337
510.719
108.0215
193.2082
404.6682
88.46149
205.2906
434.8818
102.5119
1006.247
224.2356
454.3639
733.9412
894.5111
920.1619
1164.944
774.78
4131.852
2435.996
3096.829
3916.199
1765.87
526.521
2755.149
1260.907
1365.561
3518.911
944.0848
1447.139
9742.943
1895.109
1391.131
1098.002
1361.149
502.6058
736.9502
66.29658
783.7512
82.60904
159.3054
336.5842
122.9683
249.2422
200.0344
80.60044
210.3727
337.3921
610.0711
174.1814
170.2438
563.1196
173.4217
98.97854
325.3982
368.4204
335.0721
340.7361
340.3445
334.9609
329.8116
337.4945
341.8615
334.8216
345.1672
336.9485
342.7393
338.1475
340.8326
337.5027
340.6755
343.4977
343.2768
345.3677
340.7129
345.8255
340.9368
337.9104
344.0264
339.6588
345.8375
331.3083
339.7878
347.3701
335.0774
338.2742
342.5924
338.1363
335.3901
341.2273
344.3206
331.4131
339.9643
339.3701
347.9335
342.41
344.2933
337.2408
346.9452
344.1029
359.1414
341.6083
340.7492
330.3652
340.0492
340.5519
345.838
330.4635
345.4282
347.8386
346.1942
337.606
340.4484
349.2826
337.2249
343.5528
337.7126
343.3774
340.2551
345.114
344.5598
342.7654
336.2777
344.5113
341.6018
338.3945
332.0361
346.2416
340.0328
339.8449
343.1473
343.2102
339.8414
342.9444
338.0922
335.8864
334.6588
338.4441
343.1326
337.0166
340.0174
334.7341
347.9947
337.2608
337.3351
341.9073
336.012
342.8961
342.6116
340.6621
334.9566
335.136
333.2293
338.4009
337.4986
336.0404
340.6614
342.2674
339.8022
339.5024
333.3871
338.066
337.4442
344.5093
342.2358
338.9904
341.0458
336.7028
337.2122
336.0616
340.3243
334.0984
338.862
345.6855
334.6226
339.5455
332.9683
333.7047
345.1367
338.7248
343.917
340.802
342.2744
341.8366
336.4903
343.8804
344.3142
336.3915
330.5678
332.7332
338.0559
337.6059
336.96
336.1801
348.2083
344.1894
334.1384
333.3875
339.7363
343.3948
331.1661
342.6944
342.8624
333.7945
347.4531
340.4319
342.2486
331.9007
337.4684
345.7232
328.6231
319.3339
419.7164
289.2738
140.3555
1338.487
174.6917
421.0801
116.4774
368.9904
294.5726
155.5878
424.1026
114.8512
123.8515
110.3474
137.5017
517.3371
859.5862
411.061
250.7706
240.6108
217.6019
104.5183
435.8024
175.5879
97.4278
226.5043
139.3516
549.8425
95.29342
93.15727
320.518
344.0418
429.4155
215.109
190.0974
510.8755
512.8256
700.9024
1458.799
1111.144
280.9333
292.3391
486.6451
249.3081
324.0539
263.0577
582.9408
102.0882
198.0205
298.9705
328.12
87.61166
356.872
3910.1
683.7282
1649.414
1184.193
5693.375
2362.074
5488.939
2192.927
2891.636
1282.259
460.0366
1179.167
2725.516
1953.662
1359.318
1064.601
734.471
1499.018
1284.635
1436.236
1102.964
693.1246
819.6074
756.4132
745.9877
1009.981
496.6505
1694.896
1794.785
1033.335
2012.737
6299.06
2961.991
5637.183
4396.789
1973.683
1618.553
2428.894
8162.695
2842.875
895.6618
1374.254
2628.952
1860.095
1709.14
4418.43
912.1011
788.8692
5899.928
1733.861
1989.791
311.2951
701.3857
573.8821
193.246
369.961
345.7463
338.0294
339.3136
336.7805
332.3363
339.7247
336.8985
335.1494
342.8518
338.517
338.8808
340.8962
340.6883
336.6909
340.3655
339.2951
344.7564
333.6204
334.328
340.2848
334.5518
341.0454
345.735
340.8463
340.7799
337.6011
336.3064
340.8038
334.906
339.8186
336.7547
336.5851
342.6583
336.8767
343.206
347.7733
340.3614
344.9006
342.1728
343.627
338.4036
338.1813
342.413
339.9344
340.873
335.6864
338.419
342.9405
339.1242
342.931
340.0862
343.2721
336.8826
336.4931
334.1196
337.3194
337.9403
340.3481
335.5382
343.8535
334.5178
344.9836
342.7923
344.5213
347.1249
343.0515
339.4422
345.0112
347.6412
341.1908
337.0157
345.6859
340.5982
343.8558
338.9429
343.9643
337.1606
344.8214
343.5755
337.7632
345.7138
343.9338
343.671
345.8512
336.5692
347.215
342.5428
337.7952
339.8897
343.3176
338.0117
340.1413
338.1949
337.3868
345.9561
340.2309
342.5567
344.5543
341.1428
340.7447
340.546
337.2681
337.4308
342.3023
334.6379
336.0862
334.2171
337.3529
340.7685
2023.018
2662.883
1271.449
20793.13
716.7189
1808.475
1969.321
5994.063
973.6402
4675.306
2023.095
2323.222
808.793
8737.822
5837.993
628.8914
1315.879
655.5235
901.1735
2302.591
1309.626
1421.324
578.1003
114.2164
774.9178
397.5644
1070.046
106.2257
1025.679
291.5516
81.06446
494.6448
241.9496
227.4371
197.9501
477.5158
198.3769
329.5806
342.9596
484.245
497.5799
117.4636
385.2563
490.5037
156.5397
584.4134
78.44774
541.8812
802.7509
257.1782
214.3028
416.426
356.4582
115.9464
858.9134
2214.609
447.4639
364.2195
466.3174
238.4727
247.7706
608.4226
1186.614
380.3739
151.2993
91.15367
1212.715
400.3987
548.942
365.868
88.22297
514.9148
186.3976
790.0064
431.2926
179.2147
591.387
147.1136
332.0371
101.34
116.6049
361.8264
516.3684
315.8057
193.6582
112.0835
152.3455
64.51082
147.0641
159.7325
681.7911
424.5757
95.42298
593.2419
92.71236
1027.591
132.5418
313.5611
293.8563
158.4138
257.5057
962.7092
1058.738
1112.606
6019.417
220.9649
691.7195
438.41
214.6551
122.993
365.3964
337.3756
339.7562
338.6122
345.7928
334.6821
340.0138
337.7407
337.6172
337.4233
335.6378
340.1148
341.583
331.4709
340.1855
340.4461
338.1609
337.3212
341.3838
340.4951
343.9393
340.9072
345.8787
335.4278
338.369
349.4168
346.1826
335.6794
344.9407
340.0889
337.2471
348.3914
344.9237
329.5722
345.4344
334.8349
338.2607
336.8651
338.9578
340.4327
341.0577
339.0242
333.7989
336.173
341.3008
335.6434
332.6514
340.7364
338.8048
341.0711
341.1434
350.6076
342.2898
344.6184
336.8907
340.0329
337.6433
345.2196
342.7746
345.7994
334.8598
331.0903
343.6542
349.4546
340.5207
333.7656
339.8256
337.1014
334.3728
340.7837
336.3576
343.5425
340.3265
340.1251
337.5752
340.5196
344.9805
339.1034
342.2779
327.4374
330.885
335.5208
333.6982
342.1578
335.6938
337.0954
344.1049
338.6743
337.1229
335.7505
340.5622
349.3534
339.2201
341.855
343.7256
344.0366
341.2506
341.3091
338.4379
340.8399
346.9305
334.8908
341.7235
340.8445
339.6186
343.9257
342.7365
338.6486
339.2352
344.904
865.7847
2802.122
1286.899
1337.878
616.4177
3149.636
578.1286
3103.13
670.3447
1315.045
648.8672
1046.006
1902.913
993.2516
697.2599
3042.634
647.7505
2361.324
6647.593
870.7309
1171.716
2934.46
2006.409
1279.273
1273.387
1021.548
2278.128
1016.782
865.7196
1162.919
2087.722
47717.96
978.3909
776.1077
1784.847
1491.881
491.6295
716.4869
2130.712
1631.284
1544.778
1313.07
3517.229
5144.174
917.8791
800.4795
1256.303
2598.682
1506.637
2374.957
1178.308
916.1072
1098.18
1146.638
1537.922
1020.744
771.3762
2165.067
394.3385
1554.323
5256.354
11715.48
1339.584
1942.299
795.6021
3008.631
1925.637
1235.716
3289.652
1212.735
2108.504
746.9277
973.4131
984.3574
5403.785
1723.863
1296.283
1445.001
1423.714
1206.282
320.6314
417.3511
79.6589
293.3715
364.4484
173.2006
373.0638
144.0163
242.7625
363.3897
204.0874
185.9294
299.924
118.3232
287.041
285.4902
155.9762
265.9347
182.4517
219.1699
133.0581
177.208
334.8641
385.8148
368.0804
57.68216
94.32496
1668.421
242.906
176.8255
365.4952
345.7443
338.5275
339.1658
341.8215
336.3601
342.9587
342.7448
347.0349
339.625
343.4339
336.4784
342.7167
345.647
342.9216
334.5484
346.1717
337.1529
342.9243
345.3247
341.6953
339.2802
335.0652
342.1163
340.9195
337.0651
347.2388
342.0345
348.574
335.6056
343.1015
345.4247
346.7634
342.548
338.4607
340.7463
338.4049
335.5063
343.8581
342.5736
343.0066
339.3293
342.9769
336.0632
335.6186
343.5494
337.3118
338.318
340.021
351.4066
340.8996
344.7997
337.9208
333.9623
339.7537
344.5809
335.3318
335.2573
346.8651
340.1225
337.6336
339.8495
344.6006
338.8505
350.0761
332.2153
345.0965
339.1481
334.1543
342.0763
341.7425
343.7272
334.6888
349.9739
340.7083
343.0141
334.6292
344.1361
335.62
340.4278
342.4481
340.0508
333.0882
335.232
340.337
337.7814
343.4714
334.7253
333.5275
330.664
343.357
340.1409
344.9915
337.9707
344.2609
334.8515
341.5681
340.4761
341.2031
342.0463
342.0132
343.4879
349.2215
336.6203
338.9197
335.4752
341.2148
338.6268
349.1392
337.8438
801.0327
1840.42
2389.528
1890.605
10671.71
1031.354
1583.507
1096.383
550.341
1672.977
2028.35
11366.57
2210.594
2727.507
725.7177
2270.159
929.8038
1330.835
4555.954
2551.423
6024.89
11997.04
2460.221
3110.925
1408.807
5987.195
614.5335
3806.466
962.7538
1440.743
1031.58
1651.37
876.2022
6346.629
485.3734
1302.857
1795.187
5423.937
3898.535
4228.347
3120.883
1153.124
433.674
2005.403
2671.204
3092.85
2780.517
7117.41
1879.093
3143.481
2523.614
1085.338
848.1416
2441.268
2649.174
678.1431
1505.158
1485.197
1753.283
2015.571
2681.432
6505.588
2365.04
1544.817
4034.304
1095.511
1433.827
858.2085
1692.222
2629.409
2289.588
898.3375
2251.789
2668.288
705.6459
1637.761
2661.769
2803.316
774.9332
1456.21
4741.67
1180.556
1763.449
3439.779
1346.83
2820.066
987.5024
744.622
288.3681
534.0835
2066.313
207.0479
755.023
283.4604
177.8474
259.809
70.90321
847.6821
576.5915
185.4508
427.4665
129.3956
368.2408
144.705
159.4527
286.8495
605.2964
80.85657
149.0157
305.8325
365.7791
340.001
342.4119
344.9778
346.1108
336.3937
339.1208
340.2554
344.6539
344.1246
342.947
343.6658
338.0688
342.4062
346.8139
335.9892
341.3063
338.6917
341.5802
337.3389
344.3466
340.3505
334.3957
343.8273
345.8516
337.3043
347.5175
336.0317
342.1756
342.2948
347.9829
339.054
337.2276
338.2115
344.904
340.3595
349.1467
334.0877
348.2453
347.2677
340.1226
341.0289
344.4872
338.0307
342.315
342.5473
342.4788
343.9669
330.6683
344.7241
335.1336
343.7283
345.6931
336.5685
339.767
335.3739
332.3414
331.1968
346.1163
337.7254
335.8472
341.5139
338.1435
344.4858
339.1145
347.4813
337.1383
340.0473
340.4395
340.6088
337.4162
343.561
340.5447
338.983
328.9982
342.0936
337.6707
341.2462
343.7567
338.3121
336.3667
336.7624
338.1433
343.8171
337.9455
338.761
339.3317
342.2106
342.4854
337.9005
339.7403
339.9183
345.4731
338.1842
338.1496
330.6153
341.1594
344.1397
333.4557
336.3446
345.1624
338.4042
342.932
344.9117
337.9055
333.8623
342.0647
343.2733
339.8533
337.5715
616.6676
2130.672
1797.524
366.0108
4076.663
1513.986
720.9641
1587.81
1371.939
1039.982
1001.158
2695.226
1910.532
1886.657
2632.315
2323.603
2678.281
840.7408
6808.053
1465.196
1979.735
1485.715
1065.149
619.1255
1761.67
2103.233
3508.814
4644.46
1659.52
6087.203
729.6599
4727.351
2499.837
660.2924
2626.812
3775.593
1302.413
2392.026
2631.545
2459.394
7722.171
2661.629
716.8798
1860.507
2760.487
2919.302
1662.428
990.5285
1588.481
2758.294
837.1056
2261.487
866.111
2865.074
1784.151
857.6129
2254.352
1018.75
1581.073
1536.506
1341.697
1393.889
2792.144
1802.946
2054.891
1297.898
6339.899
1640.619
3137.628
1203.493
1273.456
1321.96
975.2509
1169.131
357.2579
202.3781
441.2488
312.9636
174.8287
808.5622
177.4103
606.9411
158.1036
569.9007
1714.007
288.2835
403.1204
258.4853
903.221
3780.831
637.2572
506.3749
1667.123
1183.129
1768.746
2445.997
23741.44
1007.94
9646.207
2106.43
487.9519
2740.011
4761.202
1309.632
845.0149
1449.603
2889.951
2206.68
1593.083
696.1695
358.8444
337.4808
336.2217
347.9986
342.4481
331.0451
333.1175
338.5939
341.8765
342.2584
338.9637
332.9335
336.3217
345.4058
339.2332
348.8568
334.63
342.1335
334.8621
341.74
344.0719
346.2354
343.892
348.8566
337.6402
343.2962
343.3826
340.6297
339.68
343.2372
342.9273
333.0801
346.718
344.8878
341.7818
335.4861
337.1157
331.5367
338.2341
339.5494
331.9062
341.4196
340.491
336.0376
340.2486
336.9255
336.4657
346.6283
341.3287
337.5803
338.9652
341.8734
343.5997
346.0941
336.0415
340.6169
333.8129
337.0105
340.7675
335.8027
342.331
336.9072
328.8901
340.3663
340.4682
336.3704
348.1446
332.1696
339.5965
340.5375
346.0968
343.4742
339.7022
337.887
344.374
337.0748
336.03
341.519
340.7457
342.2174
337.2011
341.2405
340.8274
338.06
345.1968
338.2393
338.9221
344.3484
340.1916
337.9665
338.0619
336.2347
337.5313
341.0763
340.6952
333.7761
344.4579
340.2942
339.0729
340.9169
342.4503
344.4592
346.7508
342.4018
340.2823
340.8632
333.3577
336.8627
341.8471
340.9948
